0.521
0.504
0.672
0.492
0.478
0.545
0.499
0.466
0.552
0.539
0.476
0.442
0.491
0.574
0.539
0.561
0.526
0.436
0.52
0.505
0.454
0.544
0.546
0.503
0.472
0.425
0.653
0.523
0.59
0.542
0.461
0.496
0.564
0.558
0.499
0.486
0.579
0.564
0.486
0.537
0.479
0.517
0.493
0.473
0.566
0.551
0.47
0.504
0.517
0.501
0.542
0.524
0.509
0.588
0.55
0.501
0.479
0.498
0.548
0.588
0.474
0.516
0.481
0.515
0.464
0.626
0.53
0.477
0.487
0.547
0.462
0.512
0.492
0.546
0.498
0.572
0.527
0.53
0.579
0.508
0.556
0.459
0.578
0.565
0.49
0.529
0.558
0.499
0.558
0.486
0.523
0.512
0.514
0.524
0.561
0.502
0.508
0.599
0.531
0.51
0.465
0.587
0.538
0.519
0.488
0.545
0.469
0.522
0.458
0.494
0.515
0.53
0.483
0.496
0.469
0.462
0.506
0.543
0.488
0.496
0.458
0.489
0.48
0.522
0.574
0.468
0.537
0.483
0.549
0.564
0.579
0.526
0.488
0.514
0.513
0.563
0.504
0.475
0.526
0.618
0.51
0.523
0.456
0.539
0.508
0.467
0.564
0.496
0.488
0.472
0.495
0.517
0.502
0.454
0.525
0.471
0.482
0.463
0.604
0.463
0.594
0.457
0.501
0.527
0.556
0.527
0.464
0.535
0.463
0.487
0.491
0.555
0.453
0.51
0.587
0.604
0.495
0.492
0.52
0.473
0.514
0.495
0.506
0.532
0.531
0.489
0.475
0.465
0.558
0.538
0.491
0.519
0.501
0.508
0.496
0.548
0.471
0.509
0.475
0.462
0.477
0.538
0.464
0.579
0.491
0.464
0.526
0.467
0.539
0.567
0.546
0.467
0.538
0.526
0.438
0.551
0.473
0.6
0.58
0.549
0.48
0.484
0.514
0.489
0.581
0.501
0.48
0.548
0.514
0.478
0.531
0.443
0.501
0.498
0.494
0.536
0.499
0.539
0.57
0.514
0.472
0.481
0.47
0.485
0.472
0.553
0.524
0.485
0.598
0.527
0.477
0.536
0.516
0.552
0.492
0.482
0.481
0.437
0.515
0.476
0.507
0.47
0.524
0.526
0.551
0.512
0.461
0.502
0.482
0.447
0.478
0.493
0.592
0.519
0.446
0.552
0.506
0.522
0.539
0.448
0.503
0.57
0.488
0.393
0.483
0.552
0.52
0.486
0.501
0.429
0.464
0.447
0.529
0.454
0.509
0.491
0.492
0.495
0.418
0.473
0.562
0.526
0.503
0.484
0.571
0.468
0.466
0.476
0.549
0.491
0.599
0.476
0.447
0.417
0.496
0.478
0.42
0.44
0.524
0.411
0.478
0.528
0.445
0.538
0.497
0.428
0.528
0.507
0.457
0.488
0.504
0.433
0.487
0.517
0.486
0.547
0.418
0.425
0.509
0.446
0.556
0.523
0.536
0.53
0.542
0.512
0.48
0.583
0.462
0.477
0.503
0.43
0.48
0.519
0.49
0.483
0.504
0.513
0.573
0.462
0.463
0.495
0.465
0.473
0.489
0.471
0.489
0.523
0.466
0.561
0.381
0.433
0.5
0.514
0.484
0.447
0.516
0.466
0.519
0.538
0.499
0.486
0.474
0.447
0.496
0.527
0.477
0.505
0.486
0.438
0.415
0.518
0.44
0.476
0.548
0.51
0.55
0.51
0.449
0.454
0.492
0.442
0.499
0.438
0.525
0.465
0.452
0.445
0.537
0.377
0.495
0.477
0.498
0.431
0.457
0.444
0.423
0.453
0.428
0.491
0.584
0.53
0.484
0.511
0.542
0.419
0.416
0.445
0.549
0.497
0.409
0.49
0.468
0.574
0.519
0.448
0.483
0.501
0.457
0.512
0.509
0.421
0.465
0.551
0.427
0.489
0.448
0.483
0.455
0.472
0.562
0.428
0.502
0.42
0.46
0.457
0.433
0.482
0.484
0.48
0.441
0.468
0.43
0.402
0.449
0.464
0.411
0.481
0.499
0.477
0.501
0.458
0.456
0.495
0.486
0.482
0.498
0.469
0.508
0.47
0.495
0.417
0.477
0.483
0.467
0.527
0.484
0.508
0.398
0.416
0.501
0.391
0.394
0.462
0.451
0.442
0.461
0.479
0.516
0.417
0.502
0.513
0.451
0.435
0.498
0.574
0.452
0.463
0.465
0.454
0.439
0.481
0.414
0.457
0.445
0.484
0.481
0.414
0.467
0.416
0.493
0.422
0.388
0.441
0.438
0.499
0.501
0.403
0.522
0.44
0.584
0.488
0.48
0.462
0.443
0.51
0.434
0.387
0.421
0.417
0.417
0.488
0.384
0.473
0.421
0.395
0.44
0.402
0.424
0.472
0.601
0.452
0.509
0.478
0.452
0.468
0.455
0.431
0.453
0.437
0.433
0.431
0.552
0.496
0.502
0.428
0.471
0.459
0.559
0.502
0.476
0.462
0.495
0.48
0.447
0.6
0.43
0.51
0.43
0.505
0.418
0.471
0.491
0.447
0.512
0.406
0.45
0.484
0.519
0.548
0.454
0.525
0.527
0.526
0.48
0.503
0.463
0.431
0.502
0.546
0.476
0.473
0.52
0.524
0.438
0.575
0.459
0.462
0.476
0.491
0.496
0.418
0.591
0.436
0.603
0.471
0.427
0.454
0.463
0.468
0.599
0.484
0.385
0.469
0.494
0.445
0.448
0.484
0.432
0.432
0.464
0.436
0.497
0.492
0.458
0.507
0.459
0.454
0.488
0.479
0.59
0.504
0.547
0.482
0.467
0.503
0.539
0.504
0.548
0.48
0.506
0.418
0.567
0.472
0.479
0.609
0.572
0.489
0.491
0.531
0.417
0.437
0.439
0.457
0.48
0.438
0.467
0.447
0.503
0.476
0.612
0.458
0.521
0.518
0.508
0.484
0.489
0.551
0.545
0.472
0.458
0.481
0.507
0.557
0.518
0.469
0.418
0.536
0.476
0.488
0.49
0.423
0.462
0.451
0.463
0.455
0.5
0.529
0.433
0.439
0.506
0.517
0.442
0.47
0.51
0.445
0.502
0.593
0.5
0.496
0.475
0.443
0.491
0.497
0.557
0.528
0.496
0.43
0.549
0.478
0.558
0.457
0.448
0.457
0.482
0.48
0.512
0.532
0.497
0.531
0.573
0.43
0.435
0.487
0.407
0.448
0.454
0.443
0.497
0.412
0.51
0.463
0.538
0.481
0.578
0.438
0.522
0.438
0.519
0.46
0.484
0.502
0.449
0.565
0.521
0.535
0.496
0.452
0.419
0.426
0.638
0.481
0.431
0.521
0.43
0.567
0.424
0.452
0.545
0.475
0.433
0.429
0.461
0.439
0.516
0.454
0.503
0.457
0.528
0.471
0.456
0.467
0.591
0.458
0.499
0.519
0.424
0.497
0.44
0.487
0.494
0.463
0.466
0.485
0.426
0.467
0.434
0.512
0.459
0.51
0.488
0.444
0.445
0.494
0.412
0.468
0.487
0.476
0.538
0.46
0.46
0.462
0.504
0.358
0.506
0.505
0.454
0.439
0.47
0.462
0.493
0.513
0.49
0.451
0.427
0.418
0.434
0.456
0.52
0.424
0.47
0.428
0.446
0.521
0.469
0.505
0.505
0.44
0.468
0.537
0.485
0.459
0.425
0.468
0.471
0.418
0.714
0.452
0.467
0.521
0.473
0.548
0.455
0.461
0.451
0.444
0.433
0.463
0.464
0.442
0.542
0.516
0.449
0.491
0.534
0.43
0.529
0.46
0.477
0.431
0.45
0.51
0.449
0.456
0.495
0.529
0.483
0.427
0.489
0.439
0.454
0.545
0.489
0.51
0.442
0.521
0.487
0.496
0.444
0.467
0.475
0.563
0.518
0.519
0.433
0.517
0.472
0.578
0.438
0.484
0.434
0.441
0.462
0.428
0.511
0.411
0.434
0.518
0.359
0.47
0.503
0.493
0.444
0.463
0.58
0.472
0.489
0.489
0.54
0.45
0.528
0.553
0.425
0.477
0.453
0.437
0.416
0.497
0.693
0.449
0.455
0.557
0.463
0.479
0.482
0.569
0.566
0.513
0.499
0.484
0.467
0.451
0.535
0.675
0.506
0.483
0.512
0.459
0.611
0.466
0.438
0.507
0.477
0.456
0.444
0.437
0.523
0.553
0.503
0.583
0.457
0.462
0.672
0.402
0.48
0.493
0.5
0.452
0.459
0.495
0.466
0.466
0.462
0.43
0.443
0.53
0.713
0.478
0.466
0.484
0.499
0.466
0.553
0.536
0.463
0.504
0.482
0.615
0.506
0.479
0.494
0.548
0.632
0.496
0.501
0.491
0.459
0.457
0.455
0.49
0.512
0.506