3.4
2.7
3.31
3.65
3.69
2.41
3.61
3.67
2.59
1.76
2.27
2.17
3.38
3.08
2.85
3.54
2.61
2.63
4.04
3.05
2.45
2.34
2.76
3.56
2.78
3.76
3.48
2.57
3.24
3.00
4.04
3.68
2.00
2.23
2.79
2.48
2.98
3.57
2.48
3.74
2.58
3.02
2.59
2.91
3.41
3.18
4.19
3.2
2.74
3.23
2.19
2.58
2.44
3.11
2.29
3.18
4.00
2.21
3.87
2.59
2.87
3.2
2.17
1.93
2.53
2.94
1.95
2.88
3.09
2.13
3.74
3.01
2.99
2.3
2.75
2.56
3.77
1.8
4.57
2.46
1.83
2.5
2.76
4.57
2.95
2.71
3.34
2.88
2.00
2.13
3.59
2.73
1.75
3.59
3.96
3.96
2.75
2.51
3.11
2.00
3.37
2.18
2.85
3.09
2.35
2.42
3.62
3.1
3.73
2.64
3.55
3.64
2.52
2.41
3.02
2.68
1.59
2.33
3.75
3.24
3.47
2.38
2.89
2.98
2.19
3.23
2.88
2.1
2.31
2.57
2
3.79
3.61
3.12
2.3
3.03
3.06
3.81
2.88
2.62
2.44
3.75
3.27
2.05
3.04
3.00
2.38
2.18
3.41
2.79
2.71
2.86
2.59
2.77
3.24
2.63
3.32
2.72
2.56
4.23
4.74
2.28
1.46
2.54
2.39
2.8
2.79
3.07
3.37
3.15
1.89
3.5
2.63
3.38
3.8
2.2
2
3.74
3.96
2.22
3.08
2.26
2.91
1.99
2.07
2.86
2.64
3.06
1.4
3.76
2.41
3.56
2.66
3.35
3.21
2.25
2.85
3.61
1.28
1.73
2.53
3.58
3.73
3.22
3.02
2.26
2.83
2.51
1.6
3.33
2.51
3.14
2.95
3.01
3.98
3.39
3.24
3.08
2.14
2.23
1.93
2.18
2.71
3.39
1.1
3.85
3.66
2.00
3.49
1.41
3.13
1.97
2.69
2.18
2.62
3.06
3.55
2.46
3.13
3.59
3.98
2.36
2.48
1.88
2.66
2.06
2.78
2.62
1.89
2.98
3.97
2.99
3.49
3.29
1.63
2.83
2.3
2.33
2.33
3.29
3.63
3.16
2.49
3.06
2.68
2.1
3.3
2.67
3.49
2.35
1.24
3.55
2.89
2.5
3.23
3.13
3.09
2.55
1.71
2.35
1.66
2.53
2.21
2.72
2.43
2.93
3.07
3.24
2.94
2.35
1.62
3.33
3.2
2.46
2.91
2.17
2.78
2.65
3.59
3.04
3.79
2.77
3.27
2.61
2.11
2.59
1.79
2.96
1.39
3.22
2.74
1.6
2.7
3.24
3.29
2.49
3.12
2.32
1.56
2.42
2.35
3.39
2.77
3.28
2.85
2.46
3.24
3.16
2.06
3.43
2.11
2.76
3.51
3.29
2.21
3.16
3.33
1.28
2.45
2.85
2.34
2.15
2.88
2.88
3.26
3.35
3.43
2.58
1.86
2.89
3.24
3.27
2.56
3.13
2.95
2.7
2.16
2.79
2.87
3.29
2.69
2.4
1.89
2.49
3.74
2.06
2.63
3.74
2.91
3.99
4.05
2.58
3.07
3.43
3.21
2.72
2.32
2.57
2.43
3.00
2.03
2.02
2.61
2.46
3.24
2.33
2.24
3.14
2.66
2.28
2.84
3.19
1.62
2.62
3.02
3.6
2.84
3.46
4.03
2.93
2.46
3.62
2.27
2.11
2.55
2.26
3.52
3.39
2.05
2.42
1.84
1.58
1.46
2.77
2.22
2.41
3.56
2.79
1.99
2.34
2.92
3.05
1.83
2.77
2.12
1.63
3.18
2.59
3.4
3.31
3.37
3.27
2.76
2.82
1.94
2.73
2.91
2.18
2.39
2.05
2.82
3.29
2.17
2.75
2.22
3.24
1.59
2.27
2.23
2.75
2.12
3.79
1.23
3.34
2.23
2.57
1.73
2.24
1.92
2.49
2.94
2.88
2.83
4.08
2.06
3.24
3.71
2.79
2.95
2.84
2.05
2.32
2.65
2.31
1.53
2.37
3.01
2.79
3.21
2.83
2.93
3.88
1.91
2.79
2.55
2.16
1.97
2.21
3.95
2.7
1.95
3.49
3.1
2.3
2.49
2.94
3.25
2.42
2.43
3.00
2.79
3.06
3.51
3.69
2.11
2.93
1.94
1.9
2.34
2.34
3.25
1.4
3.49
2.6
2.11
2.34
1.21
3.7
1.72
3.65
1.62
2.8
3.33
2.59
2.63
2.59
2.65
3.72
2.49
2.79
2.91
2.72
1.89
1.75
2.76
2.00
2.32
4.35
1.52
2.67
3.05
2.58
3.19
2.45
2.77
3.21
1.41
3.79
4.59
3.28
2.78
2.18
2.4
4.17
2.98
2.45
2.8
3.03
1.11
1.74
4.09
2.58
2.45
1.92
2.71
2.19
2.32
2.26
2.36
3.27
1.54
1.73
3.57
3.29
3.44
2.85
2.7
1.07
1.06
2.24
2.1
3.46
2.16
3.71
3.49
2.55
3.13
2.48
2.58
3.11
2.41
1.54
2.19
2.37
1.93
2.94
3.31
3.00
2.14
2.8
2.7
3.63
2.48
1.43
2.8
2.83
1.76
1.56
3.21
4.24
2.59
3.19
2.38
2.94
3.87
3.09
2.00
2.65
2.87
2.12
3.21
3.4
3.33
4.39
2.28
1.74
2.05
1.83
1.12
2.72
2.76
1.43
2.28
3.29
2.99
3.33
3.13
1.84
2.51
2.08
2.2
3.64
2.59
2.17
2.56
2.96
2.83
2.2
3.04
1.95
2.58
2.24
1.94
2.14
1.94
2.24
3.04
2.98
3.44
1.58
2.56
2.47
2.00
2.81
1.7
3.07
2.21
2.46
3.43
3.27
3.34
1.91
1.46
2.41
3.04
2.34
2.78
1.51
2.33
2.34
3.03
1.84
3.64
2.6
1.79
3.32
2.42
2.2
3.3
2.15
2.93
2.44
2.79
2.96
2.21
2.68
1.61
1.73
2.18
3.54
2.72
1.88
3.85
2.12
3.59
3.43
3.21
3.58
3.12
1.79
3.44
2.03
1.46
2.14
1.55
1.62
3.76
3.52
2.27
2.07
2.53
3.62
2.33
1.89
1.86
2.55
2.02
3.69
2.63
3.44
3.24
2.62
3.05
2.05
3.98
3.64
1.85
2.84
1.97
1.78
3.46
3.68
2.31
2.27
2.96
3.78
2.58
3.33
2.62
1.97
1.93
2.13
2.61
2.97
2.81
1.73
1.62
3.24
2.95
1.92
1.32
2.67
3.74
1.77
2.68
3.51
2.8
2.57
2.98
2.43
3.6
2.23
2.5
1.83
1.58
1.52
3.52
2.55
2.8
3.77
3.63
2.34
3.23
1.78
2.22
1.63
2.35
1.46
3.96
3.11
2.17
1.94
1.72
2.32
4.37
4.31
2.71
1.7
1.06
2.74
3.94
2.23
3.85
2.03
2.47
2.48
1.43
2.27
1.32
2.81
2.16
1.43
3.32
1.95
1.46
3.47
4.28
4.56
1.73
2.62
1.98
1.34
3.2
3.83
2.92
3.27
2.44
2.74
3.28
4.13
2.36
2.68
2.24
1.91
2.28
1.3
2.41
5.73
3.03
2.23
2.08
2.24
5.41
1.64
1.92
2.42
1.42
3.74
2.43
2.93
2.5
4.09
2.09
2.93
4.13
2.13
2.07
2.76
2.88
2.29
4.23
3.04
4.76
2.32
2.16
2.68
2.56
2.61
2.92
2.24
2.21
1.48
4.38
2.19
3.00
2.97
3.71
2.35
1.75
2.82
2.89
1.94
1.83
3.58
4.96
2.88
2.57
2.02
2.65
1.47
2.73
3.47
3.12
1.78
2.31
2.00
2.78
3.72
2.66
3.53
2.57
2.26
3.37
4.45
3.1
2.8
3.12
1.99
0.35
2.61
2.48
3.9
4.53
4.26
3.51
4.47
2.3
3.77
2.74
2.35
3.1
3.65
2.09
3.12
2.47
4.82
3.07
2.21
1.91
2.67
2.19
2.83
3.05
4.26
3.38
3.43
3.08
3.73
2.23
2.72
3.31
3.03
3.44
1.66
2.41
3.11
2.02
2.66
2.74
4.02
2.77
3.5
1.8
3.39
1.94
3.22
3.54
3.27
2.36
3.8
4.49
3.62
1.67
2.62
2.12
2.35
3.15
2.84
3.99
3.47
1.5
2.38
2.62
3.26
2.88
3.03
1.8
2.53
2.88
2.65
1.92
3.38
3.9
2.48
3.29
2.05
2.39
2.91
2.79
2.94
2.13
3.42
3.58
3.58
3.27
2.94
2.81
3.14
3.27
2.52
2.48
1.7