24.56
19.08
17.89
18.84
21.23
18.93
13.83
16.31
20.28
13.53
24.54
16.69
27.09
26.19
17.97
30.45
22.56
18.81
27.69
18.82
18.66
24.63
24.37
22.87
12.62
17.01
18.5
19.76
15.5
19.88
18.01
21.61
14.41
13.46
32.29
23.44
23.92
30.14
14.86
18.55
19.65
31.11
17.56
19.51
23.2
25.39
22.83
23.63
21.42
24.46
12.53
22.53
21.43
17.02
19.35
19.73
23.88
13.7
16.78
21.8
16.48
28.37
15.87
21.68
18.24
18.04
19.64
20
26.19
26.66
21.32
22.43
24.15
19
20.94
26.32
20.36
17.34
22.2
19.78
18.43
21.29
21.46
17.58
25.88
26.43
30.61
19.06
29.42
13.23
20.98
19.96
21.26
29.49
18.26
22.06
21.17
21.96
26.58
19.8
17.22
19.85
20.63
27.98
18.49
23.35
24.57
28.69
21.23
20.01
28.21
32.89
21.71
23.58
20.11
15.68
17.56
17.63
20.9
25.79
23.77
20.15
18.11
15.83
21.29
30.33
15.44
22.44
16.11
23.37
20
18.81
18.87
16.98
21.46
29.83
29.8
18.52
23.49
16.68
20.33
23.86
23.28
19.44
23.4
17.74
17.51
20.94
18.79
21.23
25.7
23.63
28.6
24.08
28.05
16.75
37.09
29.04
26.06
20.63
23
22
15.4
15.6
17.55
29.93
30.73
34.98
19.47
20.34
15.68
20.16
14.18
18.73
28.3
22.59
13.75
19.56
27.66
18.85
22.85
25
26.98
14.56
19.71
21.4
25.09
19.63
7.05
17.07
26.52
29.08
27.48
24.8
27.22
20.46
25.74
26.54
10.11
6.2
18.13
32.51
18.23
25.78
20.21
26.24
18.85
22.86
17.25
22.69
22.54
16.93
18.91
33.57
18.42
28.62
24.27
25.18
15.73
20.88
17.8
26.73
24.59
16.48
8.77
24.33
22.34
21.06
17.24
12.94
24.3
18.27
27.17
19.4
23.33
25.08
22.5
31.46
27.6
26.59
28.39
20.36
25.94
20.49
22.09
18.4
21.64
13.56
14.9
29.05
19.38
25.7
22.21
25.62
21.41
21.55
15.83
19.88
17.05
22.94
17.23
25.04
25.6
28.05
23.21
20.15
23.37
21.57
15.82
19.91
17.29
16.58
17.32
30.05
18.53
23.07
20.98
24.02
9.76
19.94
20.77
21.45
17.32
18.05
18.27
27.04
25.58
15.11
23.37
19.92
16.93
21.5
26.1
18.22
22.78
17.24
17.79
32.58
17.61
18.64
23.37
22.07
24.19
18.2
20.17
29.87
23.49
19.11
16.47
22.04
29.35
14.78
20.25
18.76
24.54
17.32
18.98
25.99
15.1
13.8
11.82
27.3
23.37
18.11
25.16
19.16
15.07
29.79
20.09
20.63
16.45
20.98
20
27.85
22.96
18.66
20.58
15.62
20.6
22.77
11.54
19.17
26.67
27.63
14.71
20.95
21.42
29.3
19.6
19.91
23.87
18.12
18.83
21.34
20.56
17.7
13.76
21.71
26.56
20.23
19.43
30.38
19.32
21.13
22.09
21.65
21.09
23.19
22.51
19.62
16.64
19.33
23.23
26.89
19.3
23.11
25.01
19.96
25.68
14.74
11
29.65
20.2
20.51
21.38
13.33
26.77
20.99
18.12
19.47
20.3
20.07
14.67
21.77
14.43
23.21
27.43
18.72
24.23
25.86
16.75
20.64
17
17.18
18.96
28.74
21.14
18.03
13.43
16.37
16.66
19.48
12.88
18.86
22.27
20.05
22.44
19.16
15.44
18.51
28.32
27.04
16.86
21.56
19.2
13.77
11.63
23.19
21.11
22.93
14.31
23.19
22.5
29.67
16.36
24.17
24.45
12.07
22.62
17.84
25.55
28.41
25.7
21.75
20.08
25.76
18.15
19.68
22.06
20.9
11.49
23.65
10.04
31.08
27.6
26.82
13.71
16.13
9.99
22.02
23.85
22.03
17.71
29.75
18.71
28.5
16.87
27.11
22.2
22.02
19.18
21.52
23.08
20.83
14.39
12.02
23.19
25.24
25.48
21.16
24.48
21.65
23.41
17.88
22.13
18.16
21.21
18.67
31.38
22.92
11.5
14.73
22.15
21.78
25.63
26.15
21.25
19.04
15.71
18.1
22.96
23.26
30.01
21.02
13.46
27.48
21.19
25.14
17.74
20.43
22.3
19.17
27.59
32.09
20
20.78
6.93
18.69
20.56
25.92
13.08
21.61
20.13
17.16
23.95
24.23
22.29
16.58
17.45
22.98
21.48
19.79
24.25
21.82
16.46
14.08
20.08
26.38
9.54
28.03
22.53
16.71
15.46
13.65
18.26
22.87
21.66
22.95
30.69
27.19
22.86
24.49
19.66
24.08
24.27
16.92
21.57
25.48
9.74
19.62
27.56
25.68
18.31
20.33
22.16
23.94
16.03
26.05
26
15.53
19.37
20.52
27.2
31.37
33.01
20.02
24.19
7.28
15.11
22.46
18.46
26.78
20.11
29.33
18.85
24.4
35.4
18.56
22.3
18.88
25.06
21.84
24.72
21.79
26.56
20.35
31.56
24.61
24.56
19.99
22.42
28.81
18.56
17.54
26.44
20.38
18.87
17.56
27.33
27.39
22.62
28.45
17.25
19.41
17.6
25.02
17.01
25.24
19.1
19.8
20.67
30
10.8
24.59
22.33
17.44
16.97
17.28
12.71
21.7
19.63
21.38
19.33
25.69
26.39
21.98
28.33
19.14
21.05
23.6
25.18
16.93
21.09
20.58
26.84
22.83
21.4
19.33
19.66
22.63
21.96
17.72
18.86
20.96
25.85
17.77
20.56
28.44
30.2
15.77
17.46
21.37
17.73
20.47
18.15
21.3
17.81
25.79
29.71
26.56
18.33
21.3
14.35
23.97
13.7
18.24
20.76
14.17
20.25
18.25
28.16
25.02
16.46
23.12
17.88
18.67
19.55
18.31
30.15
20.75
18.53
10.3
27.71
25.34
15.85
25.58
13.45
18.79
17.41
20.14
22.5
23.03
21.87
20.22
26.72
25.01
25.27
22.87
25.54
18.68
10.6
18.22
16.51
18.89
15.3
14.87
28.03
27.86
20.73
19.82
18.72
23.61
26.04
21.65
14.65
18.25
21.65
12.45
22.08
27.15
20.61
22.64
21.85
17.98
20.98
11.89
12.44
19.36
12.83
15.33
28.15
27.35
18
16.94
17.05
25.94
20.32
23.21
18.47
15.38
21.08
17.78
28.66
26.79
21.2
16.65
14.76
22.46
17.43
16.49
10.44
11.88
17.73
19.42
20.82
27.13
21.71
27.43
19.04
12.59
19.3
22.67
17.95
10.75
16.22
15.76
32.01
26.1
24.13
24.01
25.36
19.11
18.27
23.23
16.68
20.81
20.67
21.69
27.37
23.75
17.44
21.66
23.39
19.07
28.15
24.08
20.98
13.9
17.31
25.41
25.26
24.15
17.56
18.54
17.77
21.71
12.15
16.68
15.21
15.92
21.09
20.02
30.06
17.59
21.15
28.18
23.48
28.98
22.14
19.54
24.28
17.99
13.96
26.89
21.22
23.14
21.85
19.04
25.26
19.88
17.1
22.23
23.46
16.22
16.49
15.23
27.99
29.09
25.3
25.08
25.51
19.54
31.58
22.33
21.93
10.21
12.7
26.97
27.3
22.9
25.22
26.41
23.89
23.67
23.14
23.16
22.42
28.93
22.4
18.06
27.45
26.35
25.35
24.43
28.13
21.95
15.01
22.65
23.13
22.13
17.28
23.13
30.43
23
26.39
26.85
22.94
16.24
20.01
26.88
11.04
21.26
12.88
27.36
36.13
25.99
23.82
26.6
25.84
21.54
25.6
16.92
24.42
21.32
15.04
25.93
27.26
27.69
28.04
27.52
25.63
18.27
24.55
22.95
20.05
14.25
21.14
20.81
7.31
27.07
26.1
25.34
34.34
28.84
16.44
27.25
17.6
26.61
18.5
23.44
19.95
29.48
20.45
22.98
22.85
29.63
19.41
20.92
15.09
23.99
19.95
15.92
23.82
27.73
31.98
27.8
26.36
25.02
16.41
24.66
23.31
28.78
20.32
14.3
26.87
31.15
24.85
26.8
27
24.61
26.43
27.43
23.41
24.11
16.22
25.28
29.89
29.88
27.68
27.08
28.42
21.46
16
20.12
21.39
14.74
30.37
26.81
28.17
27.43
17.15
26.79
21.09
20.04
20.08
24.44
15.56
24.41
30.07
28.26
25.62
26.16
31.1
20.12
32.17
24.54
24.33
19.11
31.27
19.25
27.05
33.08
24.49
32.39
28.93
26.63
25.14
23.79
24.37
20.71
25.01
18.62